143 9 68 9
0 3 384:388 328:332 377:381 CLIENT_DEVELOPMENT
1 4 370:374 377:381 489:493 132:136 CLIENT_DEVELOPMENT
20 2 321:325 328:332 CLIENT_DELIVERY
22 2 370:374 307:311 SERVER_DELIVERY
24 2 307:311 314:318 TEST
25 4 314:318 363:367 370:374 132:136 TEST
94 3 300:304 328:332 363:367 CLIENT_DESIGN
101 4 370:374 307:311 335:339 489:493 SERVER_DESIGN
108 5 342:346 321:325 335:339 489:493 132:136 SERVER_DEVELOPMENT
1489 5 CLIENT_DESIGN
1490 10 SERVER_DESIGN
1491 2 CLIENT_DEVELOPMENT 1489
1492 1 CLIENT_DEVELOPMENT 1489
1493 4 SERVER_DEVELOPMENT 1490
1494 10 SERVER_DEVELOPMENT 1490
1495 8 SERVER_DEVELOPMENT 1490
1496 5 SERVER_DEVELOPMENT 1490
1497 17 TEST 1491 1492 1493 1494 1495 1496
1498 25 TEST 1491 1492 1493 1494 1495 1496
1499 2 CLIENT_DELIVERY 1497 1498
1500 1 SERVER_DELIVERY 1497 1498
2916 6 CLIENT_DESIGN
2917 2 CLIENT_DEVELOPMENT 2916
2918 8 CLIENT_DEVELOPMENT 2916
2919 27 TEST 2917 2918
2920 21 TEST 2917 2918
2921 8 TEST 2917 2918
2922 15 TEST 2917 2918
2923 11 TEST 2917 2918
2924 2 CLIENT_DELIVERY 2919 2920 2921 2922 2923
3440 5 CLIENT_DESIGN
3441 7 CLIENT_DEVELOPMENT 3440
3442 1 CLIENT_DEVELOPMENT 3440
3443 8 CLIENT_DEVELOPMENT 3440
3444 26 TEST 3441 3442 3443
3445 19 TEST 3441 3442 3443
3446 8 TEST 3441 3442 3443
3447 17 TEST 3441 3442 3443
3448 10 TEST 3441 3442 3443
3449 1 CLIENT_DELIVERY 3444 3445 3446 3447 3448
3670 1 CLIENT_DESIGN
3671 7 SERVER_DESIGN
3672 6 CLIENT_DEVELOPMENT 3670
3673 9 CLIENT_DEVELOPMENT 3670
3674 9 CLIENT_DEVELOPMENT 3670
3675 13 CLIENT_DEVELOPMENT 3670
3676 14 SERVER_DEVELOPMENT 3671
3677 4 SERVER_DEVELOPMENT 3671
3678 8 SERVER_DEVELOPMENT 3671
3679 26 TEST 3672 3673 3674 3675 3676 3677 3678
3680 20 TEST 3672 3673 3674 3675 3676 3677 3678
3681 11 TEST 3672 3673 3674 3675 3676 3677 3678
3682 1 CLIENT_DELIVERY 3679 3680 3681
3683 3 SERVER_DELIVERY 3679 3680 3681
4427 11 SERVER_DESIGN
4428 1 SERVER_DEVELOPMENT 4427
4429 13 SERVER_DEVELOPMENT 4427
4430 2 TEST 4428 4429
4431 20 TEST 4428 4429
4432 19 TEST 4428 4429
4433 5 TEST 4428 4429
4434 2 SERVER_DELIVERY 4430 4431 4432 4433
4594 7 CLIENT_DESIGN
4595 11 SERVER_DESIGN
4596 7 CLIENT_DEVELOPMENT 4594
4597 1 CLIENT_DEVELOPMENT 4594
4598 11 CLIENT_DEVELOPMENT 4594
4599 7 SERVER_DEVELOPMENT 4595
4600 2 SERVER_DEVELOPMENT 4595
4601 5 SERVER_DEVELOPMENT 4595
4602 9 SERVER_DEVELOPMENT 4595
4603 8 TEST 4596 4597 4598 4599 4600 4601 4602
4604 24 TEST 4596 4597 4598 4599 4600 4601 4602
4605 17 TEST 4596 4597 4598 4599 4600 4601 4602
4606 20 TEST 4596 4597 4598 4599 4600 4601 4602
4607 1 CLIENT_DELIVERY 4603 4604 4605 4606
4608 1 SERVER_DELIVERY 4603 4604 4605 4606
1499 136
1500 136
2924 141
3449 141
3682 135
3683 135
4434 140
4607 141
4608 141
